0	69	71	77	77	71	70	72	67	66	76	75	66	75	74	58	63	61	58	73	75	75	77	74	62	57	62	68	72	71	74	75	76	70	78	88	68	58	66	79	77	72	70	69	74	69	65	71	63	63	71	73	68	67	75	75	80	78	79	78	72	67	66	75	71	57	60	61	62	70	75	83	81	75	71	74	82	67	52	60	70	72	74	68	68	76	81	85	72	61	62	68	68	64	63	65	60	57	63	62
136	199	207	230	227	209	207	213	205	212	224	212	204	217	207	186	203	201	199	219	222	229	218	200	197	199	206	207	209	213	211	213	220	210	215	231	221	200	208	227	218	221	215	207	216	213	213	221	209	195	197	204	204	212	210	198	215	221	224	223	220	221	213	215	212	187	195	213	215	205	200	219	218	222	212	210	229	212	194	206	223	225	216	204	207	217	223	218	200	198	200	213	210	197	204	215	206	200	205	209
215	201	210	223	214	209	211	216	207	209	215	210	215	217	209	198	199	202	204	204	214	224	209	200	216	222	220	206	206	219	210	211	215	200	191	204	214	214	226	228	202	204	210	209	216	222	234	238	225	198	194	196	210	235	203	194	216	213	220	220	223	240	227	208	217	205	207	226	220	202	196	200	199	218	216	204	219	218	210	215	214	209	210	207	207	213	202	188	186	195	196	209	214	207	205	210	217	223	223	214
210	201	214	223	207	201	207	221	209	192	204	221	221	211	216	218	204	205	195	192	219	217	212	226	231	232	228	206	205	216	213	213	217	202	201	209	206	213	231	219	191	200	208	211	224	233	236	233	221	211	208	202	227	237	208	216	226	210	206	219	222	227	232	213	215	212	202	210	208	208	201	196	199	212	224	220	224	230	217	209	205	207	211	206	218	213	196	185	189	193	201	213	206	214	205	192	208	216	216	201
191	199	210	211	209	206	203	211	208	201	197	212	232	217	200	207	206	207	204	203	218	225	218	226	232	242	239	214	204	213	223	215	221	228	226	217	213	215	228	213	200	210	201	195	198	208	222	223	220	223	221	218	232	221	213	233	233	212	201	210	213	219	234	221	203	206	206	205	211	206	200	212	219	219	217	218	223	234	223	217	218	214	203	200	216	205	200	206	205	205	211	210	204	213	210	197	201	199	192	194
194	212	223	205	207	208	200	198	205	212	205	213	233	229	208	203	205	206	205	200	201	223	233	221	215	225	224	221	214	215	235	221	215	227	216	207	208	205	217	218	208	207	206	211	206	203	211	218	213	214	226	220	234	232	214	231	229	215	210	203	208	221	227	222	211	214	216	216	218	201	208	233	231	217	205	207	214	227	223	217	223	213	201	205	211	200	198	205	217	227	210	190	195	208	221	211	206	208	189	185
201	222	224	216	203	188	190	195	207	216	212	216	226	224	214	201	204	213	206	210	211	221	231	206	191	210	216	216	214	204	212	213	211	214	209	213	213	193	198	215	208	211	214	223	222	212	208	208	194	193	227	220	231	234	209	205	206	206	203	221	226	214	223	239	221	201	201	206	215	207	203	215	213	207	212	211	210	207	201	208	224	216	200	202	220	212	193	186	201	220	213	204	203	220	224	211	211	215	205	201
218	216	209	224	206	195	199	200	216	222	218	218	217	210	203	195	204	222	223	215	211	209	216	211	209	220	220	217	208	203	206	215	216	212	221	230	226	208	201	209	206	203	202	212	210	201	207	217	206	202	224	226	227	220	200	196	208	208	205	222	222	212	220	235	219	199	196	193	207	220	204	196	206	213	224	209	200	200	197	207	211	210	203	196	216	218	185	183	202	210	218	221	220	238	220	191	201	205	200	204
217	210	206	223	208	196	198	194	203	206	209	213	202	203	206	200	207	225	216	195	199	204	210	221	222	212	206	219	209	206	219	215	218	224	223	220	225	227	218	210	206	203	207	217	222	212	210	216	219	221	220	209	213	221	204	200	216	223	208	197	203	208	204	209	219	208	207	202	204	219	205	211	232	213	211	204	194	205	203	194	197	211	206	204	211	208	194	191	204	217	222	216	220	229	214	184	194	199	187	192
210	221	217	218	203	196	202	206	205	201	196	206	219	210	199	202	210	215	204	191	201	217	214	214	221	218	212	215	206	195	200	202	210	221	206	194	209	221	212	209	216	212	215	228	226	215	220	224	220	220	226	208	202	230	230	209	208	212	201	196	210	210	209	223	230	216	207	215	206	206	206	224	233	197	201	207	192	199	198	192	197	201	191	203	209	204	205	200	203	216	210	198	215	219	202	193	205	212	209	210
217	221	219	217	204	211	219	227	222	215	213	208	214	201	191	204	217	212	208	209	204	217	221	206	212	219	217	221	217	202	196	192	186	200	211	204	223	227	204	201	210	210	214	224	218	203	219	227	219	219	225	220	213	223	218	207	204	198	200	211	224	214	211	221	227	214	186	205	210	205	216	220	217	202	217	216	207	212	209	207	207	202	188	204	212	196	199	205	204	204	203	194	196	203	197	205	207	205	217	215
211	210	218	221	205	214	217	222	228	228	226	209	204	213	210	206	218	211	221	228	214	219	218	197	194	204	210	220	223	225	209	191	193	204	209	208	232	231	202	202	215	211	206	206	204	208	217	211	206	217	226	224	220	219	207	208	213	207	206	219	223	203	200	216	225	206	187	208	217	204	211	218	218	213	220	228	225	217	210	203	199	202	193	210	219	195	202	206	205	204	203	205	199	194	198	213	212	201	211	211
198	202	222	224	204	214	213	202	218	225	217	207	204	220	222	219	219	209	223	224	217	228	227	212	211	216	213	218	220	222	204	208	222	216	213	208	218	215	201	215	223	214	211	215	209	210	220	221	210	209	215	216	215	213	211	213	222	226	221	221	219	209	204	218	225	213	217	221	219	219	216	219	219	218	217	212	217	211	208	208	198	197	199	207	206	192	197	204	198	204	209	207	197	184	191	210	228	213	200	206
207	205	207	207	208	229	222	200	201	213	219	207	202	208	210	218	226	210	205	214	220	220	218	225	221	218	224	223	210	207	208	213	206	218	242	219	211	216	213	223	221	216	213	210	206	204	214	222	215	205	210	220	217	208	219	220	209	212	211	218	219	226	213	211	222	215	233	226	223	236	224	209	212	227	219	199	211	216	213	207	202	202	197	200	192	178	192	222	205	199	209	205	191	180	194	197	207	203	191	202
214	210	204	200	207	233	229	218	213	208	220	213	206	208	200	204	225	233	213	209	218	206	206	216	214	213	226	216	204	207	209	208	196	219	237	214	210	222	207	217	237	222	211	208	206	205	207	210	211	211	218	223	221	219	225	219	209	208	201	215	209	215	225	220	222	214	227	230	230	235	221	211	213	223	214	212	216	216	202	179	191	203	203	210	208	199	213	219	211	215	203	196	197	196	206	196	191	198	200	198
201	212	203	193	209	228	227	216	212	201	207	221	218	210	203	205	215	239	224	208	218	211	219	225	229	226	208	192	202	217	207	201	199	223	239	219	207	222	206	208	243	228	211	211	214	209	205	213	219	218	213	209	210	212	211	208	217	217	208	226	229	217	230	231	218	214	219	213	219	221	219	221	208	220	219	217	216	205	196	182	187	204	206	206	216	208	214	199	191	206	199	199	196	193	198	204	205	203	202	196
201	216	196	195	219	221	216	210	207	211	220	218	219	209	197	206	222	226	216	204	212	224	219	222	226	226	205	185	197	212	209	201	206	217	225	213	205	216	213	216	232	235	212	197	210	229	228	226	225	211	210	211	208	206	207	215	214	205	203	222	231	220	228	237	204	195	208	203	200	202	214	220	228	237	216	209	218	210	215	208	195	202	197	193	209	203	209	209	192	189	192	205	198	196	195	197	214	207	196	193
219	226	199	207	218	214	198	196	199	204	223	222	215	213	201	193	211	219	221	212	217	228	209	216	217	211	207	199	207	202	201	218	221	209	206	210	213	204	219	227	207	216	212	202	221	244	233	219	221	218	217	210	202	211	222	220	223	216	212	208	207	221	224	221	197	185	195	210	220	225	215	216	231	216	205	205	208	207	212	208	192	200	198	195	206	206	209	212	206	191	186	202	216	213	201	206	219	202	194	210
224	221	211	214	218	218	198	191	201	221	226	230	234	217	206	197	199	206	224	216	223	242	229	224	213	209	215	210	206	205	206	215	213	206	209	217	218	199	203	217	208	204	200	204	224	225	210	204	210	225	217	209	204	211	220	220	231	225	210	196	197	211	210	208	207	201	197	213	220	215	205	207	209	202	216	211	196	196	196	193	193	204	200	202	203	197	210	212	201	184	181	198	209	216	203	198	207	198	215	231
208	206	222	218	209	221	206	196	214	236	224	219	232	224	204	200	202	194	214	215	215	223	229	221	215	222	219	215	208	222	227	203	204	213	207	218	217	196	190	216	225	219	209	195	209	207	196	198	202	215	215	204	196	203	212	219	224	225	211	193	199	206	212	214	218	218	211	215	203	190	205	209	204	216	223	215	207	205	203	203	209	213	205	200	209	201	213	224	205	188	192	201	204	214	202	186	184	206	218	205
195	198	209	212	210	219	207	202	205	214	220	210	206	216	213	215	220	211	223	231	224	206	215	229	226	219	200	196	211	224	224	215	220	223	212	211	205	197	204	215	213	221	220	206	211	212	198	188	209	227	222	204	191	202	215	221	223	228	219	204	204	204	208	211	217	218	215	213	206	207	216	207	203	213	210	204	207	208	212	221	220	214	210	202	203	212	216	217	206	196	205	205	206	208	201	201	190	200	207	201
202	196	198	213	214	208	210	209	202	215	215	205	201	212	224	224	225	220	216	217	214	218	230	232	219	209	207	202	208	207	217	233	226	215	206	198	203	209	211	223	230	217	206	209	206	217	215	205	221	222	220	218	206	200	213	228	224	229	221	219	214	209	214	223	234	224	214	193	191	210	226	211	213	223	206	195	204	199	198	217	218	206	198	205	204	213	216	208	193	189	208	204	199	196	191	203	204	189	205	220
222	216	204	216	216	217	214	195	211	227	207	203	209	218	228	223	216	208	198	206	211	216	232	234	216	201	211	223	215	215	227	220	213	204	195	199	214	227	233	237	230	220	208	205	212	222	227	219	214	210	217	222	217	210	223	229	214	215	210	212	216	221	216	224	242	234	214	190	198	219	228	221	219	221	205	198	206	199	204	223	223	216	197	199	210	196	194	205	200	197	206	211	205	199	203	199	198	213	220	216
205	204	209	221	222	224	216	211	229	221	214	211	209	209	224	225	208	204	205	213	218	207	212	221	208	197	213	232	223	224	228	226	224	208	193	195	208	229	243	220	189	208	224	215	216	217	235	232	214	215	208	209	224	227	222	219	208	205	204	209	211	207	199	204	227	224	208	200	211	212	200	210	224	217	211	211	213	213	217	214	206	218	216	198	195	188	198	220	207	195	210	215	199	194	206	198	196	220	221	207
194	192	211	226	227	220	210	219	230	233	232	219	202	197	209	217	206	207	221	221	219	201	192	197	198	204	218	235	234	229	233	236	220	210	214	203	200	211	215	200	181	196	224	213	199	217	234	230	219	213	202	208	224	219	213	221	215	202	207	215	212	217	212	210	222	213	198	210	219	204	194	203	213	210	222	212	205	205	207	216	202	204	207	194	194	199	209	218	207	198	201	197	195	206	203	195	201	202	192	191
205	209	214	214	211	211	206	199	211	247	245	228	208	186	197	223	222	214	216	215	219	208	200	206	208	210	207	221	231	236	230	215	216	216	225	214	203	195	190	195	201	216	220	204	207	233	229	211	209	215	224	229	223	212	214	216	218	209	206	206	200	210	217	219	225	219	199	206	215	211	212	217	213	208	217	203	194	201	212	223	215	200	192	190	204	218	218	208	207	208	194	187	201	218	210	198	195	198	190	193
207	211	213	211	208	205	205	210	215	222	224	227	222	193	198	217	214	215	208	200	210	211	207	213	212	217	213	221	224	217	201	205	222	220	224	221	220	210	206	206	215	225	214	210	217	224	231	224	211	213	231	231	215	214	216	200	200	209	214	215	205	195	208	219	230	239	215	201	200	207	216	211	213	210	203	216	222	214	208	204	203	197	194	202	214	228	226	217	214	203	198	208	215	207	210	208	200	203	207	210
211	209	202	214	214	205	201	210	228	216	213	226	227	211	224	218	208	219	207	201	207	213	210	213	207	207	207	217	215	203	196	206	219	214	213	207	214	227	230	225	214	218	214	196	206	221	228	229	228	223	215	210	204	217	214	198	210	218	218	219	220	210	200	201	213	218	210	210	209	217	218	200	201	207	201	213	225	207	198	202	199	196	201	209	204	206	208	206	209	192	187	209	222	220	220	215	212	204	201	213
214	201	197	217	221	214	207	206	222	221	219	230	228	228	243	232	215	213	211	211	210	214	216	213	204	199	202	209	201	200	207	217	220	215	217	206	214	229	229	232	220	212	206	198	214	229	228	230	232	213	191	193	200	212	208	202	212	223	208	205	217	220	211	203	208	207	210	210	215	220	219	215	203	195	207	211	207	199	203	216	209	202	203	194	183	189	190	203	209	190	189	200	219	214	192	202	214	198	184	200
208	198	198	209	217	218	213	211	206	201	213	218	214	238	239	217	209	214	219	218	217	215	221	209	204	206	214	212	192	201	214	216	226	231	223	213	220	226	221	223	225	220	215	219	217	217	220	222	218	206	200	206	214	202	200	202	195	216	210	197	208	214	215	209	211	221	214	206	212	216	220	221	218	201	219	218	198	206	205	209	204	204	209	191	201	211	192	197	202	191	201	213	213	201	180	193	211	211	206	198
206	216	211	206	216	225	220	211	215	211	211	211	200	223	225	203	204	213	210	209	219	207	215	207	207	212	215	210	186	214	222	205	224	230	209	203	216	225	204	209	229	228	236	221	200	203	209	219	216	213	219	224	220	203	203	199	192	212	222	214	205	205	208	212	223	224	210	203	217	229	220	210	214	213	220	211	194	206	196	185	186	205	217	205	217	220	201	198	206	207	219	235	225	203	205	210	218	227	220	200
208	224	213	217	230	232	231	219	222	227	221	215	209	203	200	200	203	206	204	207	217	214	214	201	205	219	208	194	204	227	218	210	220	221	209	200	219	227	201	204	225	220	220	224	203	203	221	236	227	211	219	217	207	206	211	194	182	194	213	226	212	211	219	226	229	227	225	214	221	222	218	207	200	216	225	223	214	207	197	199	196	204	215	215	204	203	210	212	219	221	225	232	224	194	202	216	220	228	211	197
204	207	200	213	225	215	208	214	217	219	209	212	222	198	197	220	224	218	212	213	222	230	220	201	208	215	194	192	211	217	213	219	235	225	206	211	228	214	195	203	227	233	205	208	210	213	225	229	234	224	209	200	209	220	221	206	192	195	201	211	210	207	211	230	217	212	232	235	222	207	221	217	204	217	223	223	232	216	202	210	207	205	204	205	206	204	193	198	213	205	193	192	194	192	201	212	207	213	208	198
209	214	212	216	225	204	192	212	217	223	212	218	234	217	221	236	227	220	230	220	211	214	210	210	213	220	197	190	201	208	211	210	230	227	214	216	219	202	186	215	233	229	208	193	213	221	219	221	222	217	204	204	214	208	206	217	212	205	208	215	224	217	215	231	224	203	215	225	213	198	210	228	217	212	208	219	234	206	194	213	216	209	196	192	206	195	172	183	199	196	185	186	184	189	195	196	203	210	201	206
215	206	204	219	232	211	210	226	221	232	230	224	227	224	218	216	211	211	220	216	204	210	219	217	220	232	220	201	196	203	213	206	208	226	231	207	193	202	210	220	210	214	217	203	221	221	218	219	213	214	204	208	201	182	183	209	219	213	212	210	222	222	213	230	227	202	201	207	209	203	203	214	215	207	212	227	232	196	184	211	219	210	206	202	203	197	192	193	195	197	199	217	213	203	199	186	188	200	207	208
201	195	209	218	229	223	216	226	226	227	209	207	218	221	221	217	214	216	208	206	207	222	227	213	218	216	215	215	207	212	224	221	220	220	216	214	209	217	226	210	212	233	228	207	212	221	218	204	210	218	202	212	206	197	198	219	216	199	214	203	202	214	217	222	209	201	213	223	226	212	204	214	209	195	211	219	218	203	201	222	221	200	200	210	211	202	198	210	213	207	204	220	224	213	212	203	189	196	211	205
194	204	231	217	202	210	209	207	216	215	195	207	228	231	230	227	218	211	212	211	213	219	214	207	202	213	217	211	217	225	229	222	230	223	207	222	225	218	215	205	211	221	217	210	209	213	207	204	215	205	205	231	223	214	214	225	210	188	212	213	209	220	226	209	200	215	218	232	227	193	198	222	208	200	236	238	217	203	210	234	222	196	197	209	203	198	206	206	212	216	210	214	211	203	212	211	195	204	211	208
204	209	223	209	195	205	205	203	217	213	201	209	219	221	219	233	239	227	218	206	218	214	197	203	209	226	229	217	216	225	218	208	222	221	216	221	211	196	197	200	196	202	220	224	210	221	216	208	209	194	204	225	214	204	208	212	220	218	211	204	211	210	211	208	212	228	220	226	216	200	215	217	198	208	235	226	211	196	201	222	216	193	195	212	215	224	212	186	197	204	211	221	210	208	222	216	197	204	201	197
219	230	215	206	212	218	213	211	227	225	209	202	208	213	220	226	237	237	213	200	206	205	207	213	219	224	229	224	220	224	202	206	226	217	207	210	215	213	213	198	196	211	228	228	211	232	234	213	203	201	211	213	209	195	189	202	217	224	219	210	205	209	218	222	231	227	221	223	213	211	221	221	204	213	226	218	208	210	216	216	224	201	185	207	221	226	216	192	188	190	203	215	207	211	221	213	208	212	188	186
227	241	221	211	218	220	216	208	222	235	219	209	213	212	205	200	207	208	210	209	196	213	226	218	202	201	208	209	206	199	198	211	224	216	210	223	233	234	233	208	204	213	218	230	222	218	213	215	204	207	230	218	210	206	206	215	223	218	212	225	220	211	216	232	235	217	215	218	214	214	219	223	210	214	237	245	224	226	220	199	213	204	196	208	203	204	222	211	195	192	199	207	194	203	218	204	203	208	193	200
225	211	200	212	211	213	216	211	216	215	211	214	217	213	199	193	195	198	209	217	206	212	211	203	199	189	184	199	209	203	209	220	222	219	230	234	229	228	223	209	207	220	223	215	210	218	220	214	200	213	233	226	213	214	220	219	225	222	213	216	226	225	219	219	211	203	209	212	214	214	215	220	211	204	215	219	207	215	210	194	197	191	209	225	216	204	206	214	214	219	210	210	200	199	209	208	206	205	215	223
218	195	198	210	206	224	235	218	209	211	209	212	220	210	197	200	214	220	214	217	218	205	193	201	214	198	188	209	244	245	229	227	221	215	231	230	213	210	207	204	207	229	223	198	210	239	241	219	217	225	209	207	214	215	208	211	218	215	217	208	208	220	222	207	207	210	213	217	217	216	216	206	201	205	210	201	194	211	207	196	198	205	220	227	242	231	206	209	217	221	207	209	206	200	204	210	206	210	220	205
210	222	218	204	206	227	237	225	213	218	215	212	219	208	204	213	226	237	233	218	218	219	205	209	224	222	214	222	236	234	227	217	209	205	210	220	208	213	214	211	206	209	213	200	206	215	221	213	222	229	207	203	209	220	221	222	220	208	198	206	210	200	207	216	230	229	211	216	230	222	210	200	196	210	218	197	192	213	215	196	193	213	219	222	232	218	203	211	217	217	209	200	199	197	209	209	201	218	203	188
220	229	206	211	224	215	211	224	230	217	208	223	223	204	225	227	218	231	234	223	234	229	212	222	229	234	231	223	204	196	214	222	214	210	211	216	215	212	209	216	212	190	207	205	194	200	211	211	222	225	218	222	211	216	222	224	216	209	197	193	208	218	218	219	224	225	202	197	218	213	205	206	205	210	210	193	195	210	210	202	193	213	223	217	214	204	206	211	216	223	219	199	193	197	214	211	208	216	196	191
209	215	217	231	234	215	195	201	212	217	215	226	220	209	233	225	214	213	209	211	222	219	210	215	212	223	231	218	201	197	224	241	215	204	206	210	216	209	203	216	225	208	217	217	205	214	219	209	217	228	213	206	204	207	211	223	211	209	218	206	206	222	227	216	208	208	198	202	223	223	211	206	213	211	207	202	209	209	203	206	205	219	220	210	208	216	213	203	209	207	217	208	183	194	218	214	208	211	197	189
200	209	209	215	220	215	209	200	194	210	218	216	215	212	221	215	219	213	204	215	206	201	201	189	190	215	227	223	217	215	227	226	204	203	201	197	206	209	213	214	218	215	219	224	215	209	209	209	207	211	207	203	218	218	214	213	201	207	222	222	215	213	210	207	199	199	211	222	226	218	207	209	214	204	202	215	213	194	201	205	212	217	206	203	198	204	205	192	187	201	221	210	196	205	210	212	209	207	195	194
214	208	195	204	204	211	220	217	213	209	201	196	201	193	199	211	222	226	219	217	205	196	209	214	203	214	221	218	229	227	206	204	200	203	213	206	205	203	212	223	220	212	213	221	208	203	205	213	201	200	215	207	214	223	218	199	202	214	222	215	211	210	198	203	202	211	227	220	214	213	214	218	207	193	199	217	216	205	197	192	204	210	207	207	199	206	211	189	181	198	202	200	215	215	204	207	209	196	189	205
222	211	210	218	209	213	213	214	217	203	204	207	191	179	198	213	220	226	215	204	202	204	217	220	215	231	223	222	225	202	192	211	224	212	206	216	226	215	221	232	227	209	201	217	218	214	208	202	200	209	218	208	200	208	215	214	215	218	229	218	211	214	204	205	214	228	229	224	220	214	207	208	199	192	199	202	203	215	200	191	197	205	214	207	208	211	211	204	199	196	191	202	225	215	201	210	210	199	200	215
220	212	210	231	230	223	217	210	208	210	223	228	218	200	208	217	223	228	208	209	216	207	201	198	219	245	229	217	213	203	204	204	223	220	202	224	223	209	223	224	224	198	199	218	217	221	216	206	203	214	215	221	220	206	210	219	216	213	217	218	222	222	215	213	213	226	235	225	215	212	205	207	204	194	199	194	189	207	214	207	202	211	207	193	213	216	208	217	213	199	195	203	217	214	207	211	206	196	207	216
208	213	223	232	227	216	207	215	223	219	211	209	224	215	217	227	225	222	213	215	216	202	199	217	216	218	224	209	218	219	207	204	206	210	215	225	213	209	218	218	216	198	208	218	211	211	220	220	210	219	211	211	218	202	199	210	220	223	217	216	218	217	217	224	223	225	231	218	211	223	224	221	218	202	210	213	200	207	226	216	204	217	200	188	209	203	192	202	212	204	188	201	209	201	203	214	207	200	209	214
209	211	229	224	218	212	199	207	214	208	194	199	208	209	226	226	221	224	224	211	211	210	204	223	215	205	206	215	223	207	209	222	219	216	217	223	223	215	210	215	212	207	214	221	228	216	209	222	226	227	217	204	202	197	201	210	221	234	222	218	220	215	218	221	224	225	229	223	210	222	234	230	217	208	221	225	211	214	220	208	200	207	209	199	197	196	180	184	202	205	200	211	211	188	189	209	217	215	216	216
221	213	208	220	229	229	215	205	203	203	206	208	199	202	214	211	210	220	223	211	212	210	217	221	218	226	218	208	202	199	210	211	215	220	215	220	220	211	212	217	218	218	224	224	211	207	201	205	220	237	233	214	215	208	216	214	201	214	208	200	209	222	221	215	214	209	222	233	225	213	210	217	215	214	225	222	217	209	197	196	196	198	211	212	190	203	208	199	211	215	211	206	208	202	186	196	216	215	217	221
218	214	213	220	225	223	218	217	205	203	218	214	195	204	209	207	200	205	224	218	209	216	232	221	205	213	223	203	205	216	207	211	210	220	224	215	206	221	226	211	218	218	218	215	201	203	204	199	211	229	228	220	229	223	216	214	210	221	208	187	196	215	210	211	212	207	221	230	229	217	199	193	213	217	223	228	216	196	194	204	200	194	192	199	189	197	211	203	205	209	207	205	205	207	196	189	199	220	226	229
227	217	225	226	219	217	208	205	209	212	220	222	217	236	232	218	205	210	231	216	205	228	233	215	210	204	208	211	225	222	213	227	218	215	229	227	218	227	225	211	214	227	224	211	211	215	217	216	220	228	225	214	212	209	202	211	233	224	202	203	210	207	204	214	216	220	223	221	229	222	210	203	205	213	218	213	219	214	198	206	198	179	181	201	211	202	188	185	192	200	210	220	214	204	207	191	185	208	224	231
226	218	218	212	209	217	208	200	226	228	221	219	225	246	223	208	219	217	215	214	202	209	230	223	219	222	200	205	228	210	217	234	224	214	218	223	228	223	218	207	196	219	220	215	223	218	217	215	211	223	222	211	207	209	216	217	222	213	207	218	230	233	224	217	215	213	212	224	233	209	212	219	206	215	220	206	206	224	204	192	204	202	202	212	218	202	188	200	196	189	210	219	208	205	216	204	186	195	207	209
199	207	208	198	211	213	209	218	221	208	210	211	208	222	209	193	208	203	202	221	204	204	225	223	227	231	212	218	228	207	208	216	218	216	204	213	225	220	214	201	198	207	201	214	227	220	226	233	219	224	226	207	203	216	218	203	207	213	210	215	223	230	223	201	207	213	211	218	224	210	219	230	211	215	219	217	202	204	196	194	224	226	206	198	203	196	195	206	197	189	200	203	205	209	220	209	185	199	203	194
192	201	206	202	210	209	214	228	214	195	205	211	221	223	213	199	195	200	207	216	207	211	208	206	222	224	222	226	217	210	206	196	194	203	208	217	224	217	212	212	214	218	210	210	217	222	220	230	233	224	222	206	191	192	199	198	206	207	208	213	215	225	208	186	201	215	216	214	224	218	219	234	212	213	227	217	214	197	184	202	220	218	193	194	197	191	204	198	191	204	203	197	206	209	211	206	190	196	201	201
210	206	211	202	192	219	232	228	223	218	216	214	227	230	216	208	211	215	222	227	222	223	221	206	200	204	207	206	205	205	208	211	194	208	225	226	226	226	233	229	218	211	212	212	222	230	213	211	224	207	203	215	201	193	205	209	209	216	216	203	218	232	203	192	205	216	227	223	220	214	212	225	213	217	221	205	222	220	200	198	201	204	198	205	197	192	197	194	200	206	205	206	206	203	208	202	195	193	192	214
233	213	213	210	197	223	227	230	235	226	221	216	217	226	215	214	223	222	223	230	236	225	216	199	199	206	212	216	213	202	208	225	218	213	208	214	216	224	225	221	213	194	205	216	211	224	223	215	221	213	199	209	214	202	207	213	217	229	228	211	209	213	211	211	217	223	219	208	200	208	220	226	223	217	209	201	221	226	204	202	208	199	198	209	212	206	192	191	206	208	198	203	206	203	210	203	202	200	197	224
230	205	194	208	211	204	199	212	227	228	232	217	207	217	215	217	219	214	211	227	235	215	206	192	201	216	223	221	203	202	213	219	224	207	204	220	207	212	210	204	218	215	219	221	200	214	224	208	207	216	216	206	210	204	204	207	209	207	220	236	215	215	231	221	211	203	193	204	203	206	218	223	227	206	203	203	205	205	208	226	221	201	199	206	210	209	209	210	194	193	192	184	195	197	198	201	199	200	208	215
214	209	200	210	216	207	194	192	206	221	227	217	206	209	218	216	215	200	198	219	224	217	220	212	203	206	210	214	200	197	223	233	224	214	218	230	211	202	203	205	230	236	228	219	204	212	219	208	208	218	231	226	212	202	202	205	203	193	210	231	215	216	220	211	203	198	201	212	215	221	223	219	224	226	211	194	201	203	209	228	220	196	196	194	196	205	222	227	199	193	201	196	200	195	184	192	196	203	210	197
200	207	211	210	218	227	215	207	211	220	217	217	213	210	214	215	218	211	204	212	224	217	214	215	214	225	215	205	205	208	231	233	230	229	210	208	206	200	202	212	225	229	230	215	192	202	220	209	206	212	218	221	204	196	205	209	208	209	213	204	202	217	221	205	199	215	222	215	228	229	222	216	215	233	225	213	226	213	195	208	219	211	189	183	201	200	213	224	202	198	207	214	202	191	190	198	208	205	208	207
195	201	210	206	215	218	213	222	227	229	224	225	214	209	222	225	212	204	220	221	224	210	196	203	205	225	227	216	211	215	209	193	209	214	202	216	222	208	201	218	221	218	223	214	195	205	215	204	203	215	213	204	212	225	228	222	218	210	205	187	185	213	234	225	205	213	229	233	232	221	218	217	218	216	216	224	229	214	200	206	215	214	195	184	205	203	204	205	197	212	208	203	198	210	208	201	217	202	204	227
203	201	222	221	214	211	204	214	221	215	216	218	215	205	213	220	206	203	231	229	217	209	200	207	204	200	220	228	220	216	199	192	214	219	221	239	239	211	199	210	215	221	223	210	195	211	216	219	216	215	215	210	217	229	220	202	204	206	212	202	198	207	220	229	223	213	222	235	220	221	224	207	220	234	223	207	200	207	216	217	208	210	215	208	212	217	211	192	208	229	208	200	209	213	215	209	205	197	200	213
197	199	221	227	214	221	221	205	212	208	211	222	215	203	198	201	203	211	235	229	208	207	201	209	210	196	201	213	223	226	218	213	239	255	232	221	225	218	216	210	219	232	225	219	211	226	231	225	217	218	225	221	204	207	208	197	202	210	220	215	206	216	217	217	228	215	212	216	213	218	213	196	203	227	213	195	196	204	223	223	204	210	215	206	203	204	207	201	221	220	199	208	222	206	203	202	198	195	196	203
198	196	206	220	214	208	215	206	217	226	213	217	221	216	214	217	210	207	215	211	203	200	198	206	205	205	197	201	215	223	225	210	227	234	208	195	214	221	219	216	218	219	219	234	227	216	228	225	220	224	219	222	213	207	221	227	225	221	203	206	206	210	215	205	218	217	204	209	208	210	222	221	210	218	215	213	216	209	223	224	200	192	191	187	182	188	204	202	211	202	191	207	226	228	204	205	209	201	197	205
220	212	206	213	219	204	194	206	225	231	211	204	216	212	220	238	224	208	206	207	216	215	208	214	213	199	193	207	219	225	225	206	209	222	212	207	223	231	221	210	212	201	215	239	221	203	221	225	219	210	208	226	221	210	209	209	219	217	204	221	232	223	211	205	214	214	196	210	206	197	219	230	230	223	226	235	233	212	208	220	207	194	198	193	187	207	214	201	215	212	189	195	216	225	215	218	215	197	197	209
219	217	215	220	227	217	203	206	221	226	215	210	209	204	226	241	219	208	212	212	210	210	210	219	222	206	194	209	223	217	217	205	198	219	217	216	216	215	206	195	207	201	213	233	217	208	218	217	225	218	214	222	218	219	210	203	204	212	217	219	231	237	231	220	219	216	204	211	209	217	216	212	227	210	211	226	224	206	188	202	206	211	218	202	202	215	210	209	216	209	198	189	185	203	211	214	218	207	211	209
203	210	210	213	221	219	207	195	210	221	215	213	220	222	221	220	209	208	213	214	210	214	223	223	225	228	214	209	216	202	202	201	197	221	218	213	216	205	207	204	194	205	224	223	210	216	228	216	216	216	206	198	209	221	212	216	207	210	206	197	210	219	230	223	228	235	221	207	210	233	226	214	218	210	218	222	217	204	193	202	200	208	207	194	205	221	216	209	199	189	197	196	189	193	200	206	205	201	201	190
192	198	201	207	209	217	207	193	210	219	213	210	205	207	207	206	210	211	215	210	209	223	226	221	222	224	219	219	227	217	204	206	205	217	217	226	239	235	236	216	193	199	233	231	219	235	236	214	208	210	209	211	215	213	204	217	231	221	201	197	206	203	209	218	219	219	210	196	198	209	216	233	218	211	223	215	218	212	206	207	195	198	197	190	203	221	212	195	195	193	195	203	203	196	196	191	202	209	196	196
192	181	201	219	209	218	219	216	217	220	216	199	201	207	218	214	215	225	223	207	188	200	216	216	218	231	230	213	208	209	208	212	209	200	206	231	230	213	214	210	204	204	220	210	202	221	221	214	219	208	225	243	213	201	205	204	229	227	203	209	207	194	208	211	207	204	190	199	211	204	204	228	219	217	220	208	216	220	216	201	194	210	201	195	201	202	199	187	192	195	204	209	202	202	197	189	208	228	213	203
195	188	212	226	218	217	218	229	219	222	227	200	210	228	209	195	202	230	233	211	197	207	226	229	223	219	216	211	209	209	217	220	213	214	221	224	213	194	204	227	220	208	205	200	201	210	205	207	212	197	223	241	212	207	209	197	202	205	207	220	212	202	222	216	212	210	201	208	231	224	192	206	218	219	233	230	216	215	220	211	219	225	200	194	195	202	209	208	206	213	210	200	206	206	206	200	201	217	210	195
199	200	213	228	224	220	221	226	228	229	231	219	218	221	197	187	199	226	224	214	216	226	236	231	229	212	208	225	220	219	230	225	227	240	228	214	222	210	214	233	226	211	210	219	221	225	214	201	200	204	225	234	217	220	229	213	196	195	216	230	217	223	243	230	214	214	221	218	229	234	202	194	201	206	231	234	205	190	205	216	225	220	204	203	199	202	220	226	227	231	200	195	210	213	214	204	203	221	229	217
210	213	223	229	222	224	225	223	228	225	217	219	224	207	197	195	207	214	202	211	219	222	227	219	222	220	227	230	204	218	219	211	230	237	225	219	221	218	217	225	231	215	202	204	209	224	221	206	207	218	234	234	219	214	234	237	216	204	230	242	227	237	233	219	213	213	219	216	216	217	219	206	193	209	220	220	205	188	193	202	216	212	200	204	207	197	202	220	225	221	204	197	211	216	203	204	205	210	227	232
223	217	219	213	211	226	229	226	232	222	221	220	216	202	196	200	212	225	211	201	211	220	229	235	227	219	221	216	197	202	201	207	226	222	219	224	215	215	220	225	230	219	202	203	203	205	221	225	207	209	226	215	208	211	226	237	219	206	228	230	228	232	212	209	215	219	222	216	211	202	213	214	197	208	226	233	217	206	195	197	214	203	193	202	211	203	200	215	215	214	208	199	216	216	198	205	205	184	196	217
222	222	213	207	199	215	222	208	222	233	232	220	209	216	217	221	227	234	228	208	209	215	214	226	233	219	203	207	205	201	216	227	239	218	197	207	214	219	216	213	219	219	218	223	224	222	221	220	199	202	215	202	201	210	206	206	204	201	207	211	211	204	204	213	219	226	221	208	207	204	211	215	212	215	220	232	222	211	209	215	212	186	198	210	199	198	215	216	213	213	192	200	214	215	204	195	206	194	201	203
210	235	225	208	200	215	213	203	203	220	222	208	210	222	220	221	226	211	221	215	201	198	199	207	218	208	194	201	206	198	202	233	231	202	204	213	207	220	223	210	220	221	216	226	247	235	206	196	193	209	220	217	206	204	204	202	206	217	215	210	204	191	202	209	208	214	212	214	211	197	204	219	224	218	208	214	213	211	220	213	193	184	204	213	196	199	207	198	200	196	187	200	203	207	214	193	187	204	207	192
201	218	215	202	206	222	218	217	197	191	208	207	217	225	209	197	205	226	222	195	194	197	206	217	218	215	197	194	205	201	186	210	210	189	210	222	202	206	221	213	216	218	209	208	226	218	200	201	197	203	215	210	197	203	223	224	208	210	221	213	200	197	202	214	218	208	206	217	212	198	199	221	213	200	203	202	209	210	209	204	185	195	206	199	195	196	201	197	190	177	193	201	193	195	210	206	189	203	207	203
204	198	207	206	205	221	215	200	199	202	208	203	200	209	209	201	206	231	221	197	204	212	213	210	206	209	203	194	208	228	202	188	198	189	198	209	198	200	204	208	221	218	212	193	195	215	206	208	211	198	197	197	197	205	211	210	208	203	206	204	194	194	192	215	232	202	209	219	214	215	219	231	209	195	196	204	219	210	195	193	187	198	206	198	185	187	194	198	190	173	191	198	191	187	193	204	208	201	191	204
197	190	208	213	204	201	206	198	198	208	207	200	191	200	211	213	215	216	211	201	209	223	214	200	199	205	215	210	207	220	215	196	190	195	204	197	190	203	201	197	210	212	197	184	192	205	203	199	204	206	205	210	210	205	197	194	207	213	206	201	206	210	208	210	219	209	219	231	230	219	216	219	201	212	208	207	223	215	188	173	182	194	204	201	184	200	202	189	186	180	182	178	186	186	184	190	199	200	184	193
196	200	217	214	207	202	208	205	190	199	214	213	213	218	208	198	203	207	207	199	200	203	200	202	209	215	224	214	201	204	214	210	193	204	219	203	184	203	217	205	195	198	191	186	198	187	187	195	198	217	224	220	194	179	199	210	210	202	204	209	210	214	210	199	202	201	203	216	229	219	203	202	199	232	230	204	207	210	191	173	182	189	195	190	183	192	196	188	180	186	195	186	182	189	197	186	191	210	200	194
193	200	215	206	200	213	213	202	188	197	216	210	208	219	215	198	202	209	210	202	187	185	200	210	213	217	212	197	191	207	219	206	197	203	218	210	200	206	205	205	197	208	211	199	208	202	194	197	192	203	218	213	194	186	197	210	204	197	207	199	183	199	198	200	207	193	196	202	217	215	203	210	219	227	220	197	196	207	195	192	191	181	189	192	194	187	177	179	174	180	201	207	195	199	212	195	192	190	181	184
180	189	204	215	202	191	199	201	197	204	211	197	180	194	201	192	199	208	215	209	200	200	207	211	216	218	202	194	195	205	217	203	201	204	206	205	213	220	208	202	195	203	209	203	206	210	208	201	186	187	210	208	205	211	192	189	194	190	208	213	201	202	196	212	228	203	193	211	208	193	192	206	223	211	201	197	203	199	191	213	212	191	184	195	205	208	195	178	187	186	184	192	191	198	201	196	183	168	176	186
181	197	214	222	216	196	194	209	212	209	216	215	197	188	185	184	196	205	211	212	215	221	223	212	213	214	207	199	200	203	204	204	200	207	205	202	210	214	223	218	198	199	201	203	198	183	199	208	203	211	213	209	196	190	204	200	195	197	208	228	228	208	198	213	222	201	189	215	206	191	198	197	197	201	203	202	197	185	187	203	203	197	186	184	203	215	199	176	198	197	179	183	179	199	206	193	189	183	192	183
182	205	203	208	218	208	193	207	214	207	215	225	218	205	203	195	201	210	208	202	212	223	218	210	217	216	204	210	215	209	210	207	194	196	206	213	211	201	203	214	205	210	201	196	200	181	189	208	217	214	199	201	192	197	222	206	195	214	223	209	208	208	211	215	209	198	198	208	203	209	217	206	198	207	216	198	189	196	193	193	192	202	210	198	204	198	177	179	202	206	189	184	180	195	199	188	200	199	187	179
201	217	198	195	198	205	206	208	209	211	215	217	215	206	205	196	201	215	218	204	201	204	196	198	206	206	203	215	206	203	215	211	198	191	201	209	211	201	195	212	208	212	206	187	200	210	199	196	216	205	202	210	202	210	213	198	194	221	223	203	200	212	218	217	213	209	215	209	203	206	215	217	211	206	209	198	191	195	185	184	193	203	203	203	203	182	176	196	201	203	200	200	205	204	194	192	200	192	182	191
201	203	211	200	195	210	214	210	202	198	204	215	214	207	196	195	218	226	215	210	207	205	202	200	196	198	217	214	189	199	222	228	211	198	207	213	209	205	210	215	206	205	206	198	196	205	200	197	218	217	215	221	213	198	197	198	187	201	205	209	208	206	213	219	215	210	225	213	195	190	213	214	204	207	201	199	207	203	191	192	198	201	185	189	206	191	190	207	203	197	196	205	207	219	218	204	198	182	186	202
195	193	208	209	206	207	213	209	190	197	202	198	212	215	205	196	205	208	207	211	207	201	206	221	213	214	224	214	196	202	224	235	211	196	212	214	195	189	208	210	213	210	200	207	202	203	204	205	212	209	205	210	221	211	196	203	197	187	192	205	198	192	212	221	210	201	217	208	188	189	202	204	212	221	199	185	199	209	209	202	201	202	190	202	219	200	185	193	200	196	188	199	195	204	220	206	193	185	198	202
201	216	212	203	214	217	217	226	205	200	208	198	207	215	219	205	202	204	209	218	205	200	199	211	215	217	216	214	209	208	210	216	214	205	206	202	199	188	195	203	210	219	204	205	215	216	213	216	211	205	209	205	215	215	200	206	207	194	191	196	197	208	223	221	213	205	206	204	192	190	192	204	219	219	201	197	205	196	191	195	189	183	193	205	207	195	183	189	194	201	204	211	204	197	215	210	192	183	200	211
204	216	215	204	215	215	205	218	213	203	212	211	215	214	210	206	213	222	216	223	226	215	202	200	209	207	197	201	214	217	199	192	204	211	209	204	206	201	204	208	200	202	203	202	206	193	202	219	210	204	202	204	204	204	189	181	196	208	198	194	206	211	213	209	198	202	213	203	202	203	190	190	203	216	208	216	225	195	193	204	181	173	192	198	192	189	191	199	200	212	214	205	204	195	205	210	190	183	194	204
215	221	221	212	204	198	194	201	197	200	208	200	205	210	204	207	206	213	216	222	223	204	203	203	205	207	199	197	212	225	196	182	193	191	187	190	198	207	219	216	204	195	201	194	181	188	206	202	191	198	198	211	212	203	194	192	202	207	199	207	214	197	191	190	178	189	215	202	209	220	198	189	197	209	212	211	200	190	209	214	194	189	191	190	191	187	191	202	195	199	203	191	198	203	201	191	178	193	199	197
221	230	226	217	198	193	193	201	210	209	218	211	189	196	196	198	205	191	191	201	211	214	208	203	198	199	201	206	212	211	192	188	199	189	183	189	200	206	204	206	204	205	208	193	180	198	223	207	183	187	199	211	214	207	207	207	203	191	195	214	216	200	196	211	197	192	211	219	216	215	209	197	194	194	205	206	188	186	195	198	208	205	204	205	203	198	186	189	189	195	197	185	191	203	197	180	183	201	204	213
224	214	211	212	199	201	198	198	222	228	227	220	193	192	188	183	201	192	184	188	202	216	209	203	200	202	206	208	204	198	205	207	207	215	220	212	196	186	181	199	205	200	210	207	195	208	224	211	193	193	200	203	205	200	198	191	184	193	206	200	203	204	207	222	211	205	212	210	202	204	206	195	192	196	198	200	196	192	190	189	197	195	201	216	215	207	190	187	202	208	199	203	199	193	196	189	199	210	211	212
213	208	203	202	199	204	201	197	211	217	208	205	197	202	199	189	204	201	197	199	200	192	181	198	209	204	205	207	199	202	217	218	217	212	206	209	205	199	199	201	206	208	215	221	205	202	211	206	206	209	202	202	200	183	182	190	194	204	204	191	195	201	208	206	205	211	209	202	194	190	194	216	206	196	198	198	193	195	209	205	191	183	195	206	209	198	183	198	204	199	202	212	209	194	193	183	181	199	207	194
197	209	200	198	199	203	208	210	214	218	207	205	206	209	214	202	199	201	213	200	189	192	185	199	209	200	192	212	223	202	206	217	218	203	198	214	217	209	206	200	201	210	204	217	221	207	222	220	205	199	191	193	198	194	195	202	205	205	205	211	201	191	200	196	201	210	203	209	211	197	195	224	222	205	206	209	209	207	222	219	203	203	209	207	201	185	180	201	198	188	193	190	208	202	185	184	176	196	198	184
201	219	207	202	207	209	206	216	224	223	218	217	224	213	210	205	204	217	228	207	193	202	208	199	190	209	204	215	233	210	210	209	206	200	199	216	206	194	195	193	201	202	190	201	220	227	224	212	202	194	196	210	205	203	220	214	207	209	210	225	216	199	195	196	203	207	207	202	205	210	208	219	213	208	216	216	219	215	213	208	209	210	208	207	206	206	210	213	202	210	206	181	192	195	189	196	195	206	208	201
210	234	224	199	207	207	200	210	214	205	204	213	224	218	196	187	200	204	205	203	201	197	196	195	186	206	210	196	208	216	210	195	193	193	196	215	203	195	200	200	213	209	193	196	209	214	214	206	211	210	199	223	227	211	214	203	204	209	214	216	206	204	203	206	208	210	215	210	208	201	202	219	204	204	218	216	214	215	202	195	203	191	192	193	194	203	209	210	205	217	219	190	185	183	182	198	195	202	211	208
214	225	217	200	196	192	200	205	199	198	195	205	215	210	199	189	189	192	190	187	186	193	201	196	202	204	199	195	199	197	190	190	187	201	210	202	190	191	196	208	216	207	192	200	214	203	206	207	213	216	202	220	229	220	211	199	202	197	207	217	190	192	201	202	213	213	199	200	213	210	208	214	209	201	211	218	206	208	203	202	202	186	190	187	190	194	196	204	210	196	195	197	193	191	189	202	201	192	186	194
205	203	210	210	187	188	209	206	197	207	207	195	204	206	202	201	197	195	188	190	190	196	211	208	219	225	210	216	209	191	189	191	192	199	195	183	194	189	184	208	214	206	205	218	219	201	191	188	212	223	214	217	213	213	207	203	210	203	199	208	205	209	205	205	219	206	188	195	204	220	222	206	203	203	204	199	194	206	207	196	199	199	191	191	208	211	201	198	206	203	202	201	193	202	207	206	202	186	185	198
201	204	213	202	193	218	234	214	198	210	213	204	218	223	206	198	200	184	181	200	203	201	202	205	205	207	205	214	211	200	194	194	191	196	202	196	209	201	189	202	204	200	202	219	218	199	188	193	220	224	204	194	195	200	198	203	206	209	200	193	209	213	206	220	219	195	197	218	220	202	204	213	209	204	193	193	201	208	205	182	185	200	194	190	203	216	209	195	200	216	217	207	196	196	201	202	193	195	206	202
